<!DOCTYPE html>
<!-- Generated by pkgdown: do not edit by hand --><html lang="en"><head><meta http-equiv="Content-Type" content="text/html; charset=UTF-8"><meta charset="utf-8"><meta http-equiv="X-UA-Compatible" content="IE=edge"><meta name="viewport" content="width=device-width, initial-scale=1, shrink-to-fit=no"><meta name="description" content="Print the env_dissimilarity object in two ways. By default, the results
are shown in the R console. The results can also be exported to the directory
into a *.txt file."><title>Print an object of class env_dissimilarity — print.env_dissimilarity • metan</title><!-- favicons --><link rel="icon" type="image/png" sizes="16x16" href="../favicon-16x16.png"><link rel="icon" type="image/png" sizes="32x32" href="../favicon-32x32.png"><link rel="apple-touch-icon" type="image/png" sizes="180x180" href="../apple-touch-icon.png"><link rel="apple-touch-icon" type="image/png" sizes="120x120" href="../apple-touch-icon-120x120.png"><link rel="apple-touch-icon" type="image/png" sizes="76x76" href="../apple-touch-icon-76x76.png"><link rel="apple-touch-icon" type="image/png" sizes="60x60" href="../apple-touch-icon-60x60.png"><script src="../deps/jquery-3.6.0/jquery-3.6.0.min.js"></script><meta name="viewport" content="width=device-width, initial-scale=1, shrink-to-fit=no"><link href="../deps/bootstrap-5.1.0/bootstrap.min.css" rel="stylesheet"><script src="../deps/bootstrap-5.1.0/bootstrap.bundle.min.js"></script><!-- Font Awesome icons --><link rel="stylesheet" href="https://cdnjs.cloudflare.com/ajax/libs/font-awesome/5.12.1/css/all.min.css" integrity="sha256-mmgLkCYLUQbXn0B1SRqzHar6dCnv9oZFPEC1g1cwlkk=" crossorigin="anonymous"><link rel="stylesheet" href="https://cdnjs.cloudflare.com/ajax/libs/font-awesome/5.12.1/css/v4-shims.min.css" integrity="sha256-wZjR52fzng1pJHwx4aV2AO3yyTOXrcDW7jBpJtTwVxw=" crossorigin="anonymous"><!-- bootstrap-toc --><script src="https://cdn.rawgit.com/afeld/bootstrap-toc/v1.0.1/dist/bootstrap-toc.min.js"></script><!-- headroom.js --><script src="https://cdnjs.cloudflare.com/ajax/libs/headroom/0.11.0/headroom.min.js" integrity="sha256-AsUX4SJE1+yuDu5+mAVzJbuYNPHj/WroHuZ8Ir/CkE0=" crossorigin="anonymous"></script><script src="https://cdnjs.cloudflare.com/ajax/libs/headroom/0.11.0/jQuery.headroom.min.js" integrity="sha256-ZX/yNShbjqsohH1k95liqY9Gd8uOiE1S4vZc+9KQ1K4=" crossorigin="anonymous"></script><!-- clipboard.js --><script src="https://cdnjs.cloudflare.com/ajax/libs/clipboard.js/2.0.6/clipboard.min.js" integrity="sha256-inc5kl9MA1hkeYUt+EC3BhlIgyp/2jDIyBLS6k3UxPI=" crossorigin="anonymous"></script><!-- search --><script src="https://cdnjs.cloudflare.com/ajax/libs/fuse.js/6.4.6/fuse.js" integrity="sha512-zv6Ywkjyktsohkbp9bb45V6tEMoWhzFzXis+LrMehmJZZSys19Yxf1dopHx7WzIKxr5tK2dVcYmaCk2uqdjF4A==" crossorigin="anonymous"></script><script src="https://cdnjs.cloudflare.com/ajax/libs/autocomplete.js/0.38.0/autocomplete.jquery.min.js" integrity="sha512-GU9ayf+66Xx2TmpxqJpliWbT5PiGYxpaG8rfnBEk1LL8l1KGkRShhngwdXK1UgqhAzWpZHSiYPc09/NwDQIGyg==" crossorigin="anonymous"></script><script src="https://cdnjs.cloudflare.com/ajax/libs/mark.js/8.11.1/mark.min.js" integrity="sha512-5CYOlHXGh6QpOFA/TeTylKLWfB3ftPsde7AnmhuitiTX4K5SqCLBeKro6sPS8ilsz1Q4NRx3v8Ko2IBiszzdww==" crossorigin="anonymous"></script><!-- pkgdown --><script src="../pkgdown.js"></script><meta property="og:title" content="Print an object of class env_dissimilarity — print.env_dissimilarity"><meta property="og:description" content="Print the env_dissimilarity object in two ways. By default, the results
are shown in the R console. The results can also be exported to the directory
into a *.txt file."><meta property="og:image" content="https://tiagoolivoto.github.io/metan/logo.png"><!-- mathjax --><script src="https://cdnjs.cloudflare.com/ajax/libs/mathjax/2.7.5/MathJax.js" integrity="sha256-nvJJv9wWKEm88qvoQl9ekL2J+k/RWIsaSScxxlsrv8k=" crossorigin="anonymous"></script><script src="https://cdnjs.cloudflare.com/ajax/libs/mathjax/2.7.5/config/TeX-AMS-MML_HTMLorMML.js" integrity="sha256-84DKXVJXs0/F8OTMzX4UR909+jtl4G7SPypPavF+GfA=" crossorigin="anonymous"></script><!--[if lt IE 9]>
<script src="https://oss.maxcdn.com/html5shiv/3.7.3/html5shiv.min.js"></script>
<script src="https://oss.maxcdn.com/respond/1.4.2/respond.min.js"></script>
<![endif]--><!-- Global site tag (gtag.js) - Google Analytics --><script async src="https://www.googletagmanager.com/gtag/js?id=UA-140429633-1"></script><script>
  window.dataLayer = window.dataLayer || [];
  function gtag(){dataLayer.push(arguments);}
  gtag('js', new Date());

  gtag('config', 'UA-140429633-1');
</script></head><body>
    <a href="#main" class="visually-hidden-focusable">Skip to contents</a>
    

    <nav class="navbar fixed-top navbar-inverse navbar-expand-lg bg-light"><div class="container">
    
    <a class="navbar-brand me-2" href="../index.html">metan</a>

    <small class="nav-text text-muted me-auto" data-bs-toggle="tooltip" data-bs-placement="bottom" title="">1.17.0</small>

    
    <button class="navbar-toggler" type="button" data-bs-toggle="collapse" data-bs-target="#navbar" aria-controls="navbar" aria-expanded="false" aria-label="Toggle navigation">
      <span class="navbar-toggler-icon"></span>
    </button>

    <div id="navbar" class="collapse navbar-collapse ms-3">
      <ul class="navbar-nav me-auto"><li class="nav-item">
  <a class="nav-link" href="../index.html">
    <span class="fa fa-home"></span>
     
    Home
  </a>
</li>
<li class="nav-item dropdown">
  <a href="#" class="nav-link dropdown-toggle" data-bs-toggle="dropdown" role="button" aria-expanded="false" aria-haspopup="true" id="dropdown-examples">Examples</a>
  <div class="dropdown-menu" aria-labelledby="dropdown-examples">
    <a class="dropdown-item" href="../articles/vignettes_helper.html">Helper functions</a>
    <a class="dropdown-item" href="../articles/vignettes_utilities.html">Utilities</a>
    <div class="dropdown-divider"></div>
    <a class="dropdown-item" href="../articles/vignettes_descriptive.html">Descriptive statistics</a>
    <a class="dropdown-item" href="../articles/vignettes_biometry.html">Biometry</a>
    <div class="dropdown-divider"></div>
    <a class="dropdown-item" href="../articles/vignettes_cross-validation.html">Cross-validation</a>
    <a class="dropdown-item" href="../articles/vignettes_ammi.html">AMMI</a>
    <a class="dropdown-item" href="../articles/vignettes_blup.html">BLUP</a>
    <a class="dropdown-item" href="../articles/vignettes_gge.html">GGE</a>
    <a class="dropdown-item" href="../articles/vignettes_stability.html">Stability</a>
    <div class="dropdown-divider"></div>
    <a class="dropdown-item" href="../articles/vignettes_indexes.html">Multivariate indexes</a>
  </div>
</li>
<li class="active nav-item">
  <a class="nav-link" href="../reference/index.html">Functions</a>
</li>
<li class="nav-item dropdown">
  <a href="#" class="nav-link dropdown-toggle" data-bs-toggle="dropdown" role="button" aria-expanded="false" aria-haspopup="true" id="dropdown-news">News</a>
  <div class="dropdown-menu" aria-labelledby="dropdown-news">
    <a class="dropdown-item" href="../news/index.html">Package news</a>
    <a class="external-link dropdown-item" href="https://olivoto.netlify.app/">Blog posts</a>
  </div>
</li>
<li class="nav-item dropdown">
  <a href="#" class="nav-link dropdown-toggle" data-bs-toggle="dropdown" role="button" aria-expanded="false" aria-haspopup="true" id="dropdown-more">More</a>
  <div class="dropdown-menu" aria-labelledby="dropdown-more">
    <a class="dropdown-item" href="../CODE_OF_CONDUCT.html">Code of Conduct</a>
    <a class="dropdown-item" href="../CONTRIBUTING.html">Contributing</a>
    <a class="dropdown-item" href="../ISSUE_TEMPLATE.html">Issues</a>
    <a class="dropdown-item" href="../SUPPORT.html">Support</a>
    <a class="dropdown-item" href="../LICENSE.html">Licence</a>
  </div>
</li>
      </ul><form class="form-inline my-2 my-lg-0" role="search">
        <input type="search" class="form-control me-sm-2" aria-label="Toggle navigation" name="search-input" data-search-index="../search.json" id="search-input" placeholder="Search for" autocomplete="off"></form>

      <ul class="navbar-nav"><li class="nav-item">
  <a class="external-link nav-link" href="https://www.researchgate.net/profile/Tiago_Olivoto2">
    <span class="fab fa fab fa-researchgate fa-2x"></span>
     
  </a>
</li>
<li class="nav-item">
  <a class="external-link nav-link" href="https://github.com/TiagoOlivoto">
    <span class="fa fa-github fa-2x"></span>
     
  </a>
</li>
<li class="nav-item">
  <a class="external-link nav-link" href="https://twitter.com/tolivoto">
    <span class="fab fa fab fa-twitter fa-2x"></span>
     
  </a>
</li>
<li class="nav-item">
  <a class="external-link nav-link" href="https://www.mendeley.com/profiles/tiago-olivoto/">
    <span class="fab fa fab fa-mendeley fa-2x"></span>
     
  </a>
</li>
      </ul></div>

    
  </div>
</nav><div class="container template-reference-topic">
<div class="row">
  <main id="main" class="col-md-9"><div class="page-header">
      <img src="../logo.png" class="logo" alt=""><h1>Print an object of class env_dissimilarity</h1>
      <small class="dont-index">Source: <a href="https://github.com/TiagoOlivoto/metan/blob/HEAD/R/env_dissimilarity.R" class="external-link"><code>R/env_dissimilarity.R</code></a></small>
      <div class="d-none name"><code>print.env_dissimilarity.Rd</code></div>
    </div>

    <div class="ref-description section level2">
    <p>Print the <code>env_dissimilarity</code> object in two ways. By default, the results
are shown in the R console. The results can also be exported to the directory
into a *.txt file.</p>
    </div>

    <div class="section level2">
    <h2 id="ref-usage">Usage<a class="anchor" aria-label="anchor" href="#ref-usage"></a></h2>
    <div class="sourceCode"><pre class="sourceCode r"><code><span class="co"># S3 method for env_dissimilarity</span>
<span class="fu"><a href="https://rdrr.io/r/base/print.html" class="external-link">print</a></span><span class="op">(</span><span class="va">x</span>, export <span class="op">=</span> <span class="cn">FALSE</span>, file.name <span class="op">=</span> <span class="cn">NULL</span>, digits <span class="op">=</span> <span class="fl">3</span>, <span class="va">...</span><span class="op">)</span></code></pre></div>
    </div>

    <div class="section level2">
    <h2 id="arguments">Arguments<a class="anchor" aria-label="anchor" href="#arguments"></a></h2>
    <dl><dt>x</dt>
<dd><p>An object of class <code>env_dissimilarity</code>.</p></dd>
<dt>export</dt>
<dd><p>A logical argument. If <code>TRUE</code>, a *.txt file is exported to
the working directory.</p></dd>
<dt>file.name</dt>
<dd><p>The name of the file if <code>export = TRUE</code></p></dd>
<dt>digits</dt>
<dd><p>The significant digits to be shown.</p></dd>
<dt>...</dt>
<dd><p>Currently not used.</p></dd>
</dl></div>
    <div class="section level2">
    <h2 id="author">Author<a class="anchor" aria-label="anchor" href="#author"></a></h2>
    <p>Tiago Olivoto <a href="mailto:tiagoolivoto@gmail.com">tiagoolivoto@gmail.com</a></p>
    </div>

    <div class="section level2">
    <h2 id="ref-examples">Examples<a class="anchor" aria-label="anchor" href="#ref-examples"></a></h2>
    <div class="sourceCode"><pre class="sourceCode r"><code><span class="r-in"><span class="co"># \donttest{</span></span>
<span class="r-in"><span class="kw"><a href="https://rdrr.io/r/base/library.html" class="external-link">library</a></span><span class="op">(</span><span class="va"><a href="https://github.com/TiagoOlivoto/metan" class="external-link">metan</a></span><span class="op">)</span></span>
<span class="r-in"><span class="va">mod</span> <span class="op">&lt;-</span> <span class="fu"><a href="env_dissimilarity.html">env_dissimilarity</a></span><span class="op">(</span><span class="va">data_ge</span>, <span class="va">ENV</span>, <span class="va">GEN</span>, <span class="va">REP</span>, <span class="va">GY</span><span class="op">)</span></span>
<span class="r-out co"><span class="r-pr">#&gt;</span> Evaluating trait Y |=============================================| 100% 00:00:00 </span>
<span class="r-in"><span class="fu"><a href="https://rdrr.io/r/base/print.html" class="external-link">print</a></span><span class="op">(</span><span class="va">mod</span><span class="op">)</span></span>
<span class="r-out co"><span class="r-pr">#&gt;</span> Variable GY </span>
<span class="r-out co"><span class="r-pr">#&gt;</span> ----------------------------------------------------------------------</span>
<span class="r-out co"><span class="r-pr">#&gt;</span> Pearson's correlation coefficient</span>
<span class="r-out co"><span class="r-pr">#&gt;</span> ----------------------------------------------------------------------</span>
<span class="r-out co"><span class="r-pr">#&gt;</span>         E1    E10    E11    E12    E13    E14     E2     E3     E4     E5</span>
<span class="r-out co"><span class="r-pr">#&gt;</span> E1   1.000  0.783  0.782  0.869  0.825  0.197  0.227  0.357 -0.011  0.704</span>
<span class="r-out co"><span class="r-pr">#&gt;</span> E10  0.783  1.000  0.917  0.797  0.812  0.232  0.101 -0.136 -0.342  0.676</span>
<span class="r-out co"><span class="r-pr">#&gt;</span> E11  0.782  0.917  1.000  0.749  0.840  0.234  0.438 -0.165 -0.130  0.635</span>
<span class="r-out co"><span class="r-pr">#&gt;</span> E12  0.869  0.797  0.749  1.000  0.740  0.155  0.053  0.249 -0.190  0.567</span>
<span class="r-out co"><span class="r-pr">#&gt;</span> E13  0.825  0.812  0.840  0.740  1.000  0.161  0.246  0.183 -0.045  0.814</span>
<span class="r-out co"><span class="r-pr">#&gt;</span> E14  0.197  0.232  0.234  0.155  0.161  1.000  0.247 -0.427  0.149  0.218</span>
<span class="r-out co"><span class="r-pr">#&gt;</span> E2   0.227  0.101  0.438  0.053  0.246  0.247  1.000 -0.069  0.661  0.210</span>
<span class="r-out co"><span class="r-pr">#&gt;</span> E3   0.357 -0.136 -0.165  0.249  0.183 -0.427 -0.069  1.000  0.409  0.310</span>
<span class="r-out co"><span class="r-pr">#&gt;</span> E4  -0.011 -0.342 -0.130 -0.190 -0.045  0.149  0.661  0.409  1.000  0.206</span>
<span class="r-out co"><span class="r-pr">#&gt;</span> E5   0.704  0.676  0.635  0.567  0.814  0.218  0.210  0.310  0.206  1.000</span>
<span class="r-out co"><span class="r-pr">#&gt;</span> E6   0.580  0.368  0.349  0.315  0.637  0.274  0.289  0.446  0.358  0.810</span>
<span class="r-out co"><span class="r-pr">#&gt;</span> E7   0.454  0.394  0.188  0.350  0.152  0.566 -0.166  0.046  0.028  0.325</span>
<span class="r-out co"><span class="r-pr">#&gt;</span> E8  -0.053  0.025  0.077  0.034  0.122  0.821  0.317 -0.293  0.417  0.216</span>
<span class="r-out co"><span class="r-pr">#&gt;</span> E9   0.219  0.281  0.241  0.216 -0.184  0.323  0.119 -0.375 -0.276 -0.281</span>
<span class="r-out co"><span class="r-pr">#&gt;</span>         E6     E7     E8     E9</span>
<span class="r-out co"><span class="r-pr">#&gt;</span> E1   0.580  0.454 -0.053  0.219</span>
<span class="r-out co"><span class="r-pr">#&gt;</span> E10  0.368  0.394  0.025  0.281</span>
<span class="r-out co"><span class="r-pr">#&gt;</span> E11  0.349  0.188  0.077  0.241</span>
<span class="r-out co"><span class="r-pr">#&gt;</span> E12  0.315  0.350  0.034  0.216</span>
<span class="r-out co"><span class="r-pr">#&gt;</span> E13  0.637  0.152  0.122 -0.184</span>
<span class="r-out co"><span class="r-pr">#&gt;</span> E14  0.274  0.566  0.821  0.323</span>
<span class="r-out co"><span class="r-pr">#&gt;</span> E2   0.289 -0.166  0.317  0.119</span>
<span class="r-out co"><span class="r-pr">#&gt;</span> E3   0.446  0.046 -0.293 -0.375</span>
<span class="r-out co"><span class="r-pr">#&gt;</span> E4   0.358  0.028  0.417 -0.276</span>
<span class="r-out co"><span class="r-pr">#&gt;</span> E5   0.810  0.325  0.216 -0.281</span>
<span class="r-out co"><span class="r-pr">#&gt;</span> E6   1.000  0.241  0.240 -0.237</span>
<span class="r-out co"><span class="r-pr">#&gt;</span> E7   0.241  1.000  0.265  0.456</span>
<span class="r-out co"><span class="r-pr">#&gt;</span> E8   0.240  0.265  1.000 -0.106</span>
<span class="r-out co"><span class="r-pr">#&gt;</span> E9  -0.237  0.456 -0.106  1.000</span>
<span class="r-out co"><span class="r-pr">#&gt;</span> ----------------------------------------------------------------------</span>
<span class="r-out co"><span class="r-pr">#&gt;</span> Minimum correlation =  -0.427 between environments 8 and 6 </span>
<span class="r-out co"><span class="r-pr">#&gt;</span> Maximum correlation =  0.917 between environments 3 and 2 </span>
<span class="r-out co"><span class="r-pr">#&gt;</span> ----------------------------------------------------------------------</span>
<span class="r-out co"><span class="r-pr">#&gt;</span> Mean square GxEjj'</span>
<span class="r-out co"><span class="r-pr">#&gt;</span> ----------------------------------------------------------------------</span>
<span class="r-out co"><span class="r-pr">#&gt;</span>        E1   E10   E11   E12   E13   E14    E2    E3    E4    E5    E6    E7</span>
<span class="r-out co"><span class="r-pr">#&gt;</span> E1  0.000 0.023 0.023 0.014 0.040 0.064 0.071 0.072 0.146 0.045 0.037 0.061</span>
<span class="r-out co"><span class="r-pr">#&gt;</span> E10 0.023 0.000 0.010 0.021 0.044 0.056 0.075 0.119 0.183 0.048 0.047 0.064</span>
<span class="r-out co"><span class="r-pr">#&gt;</span> E11 0.023 0.010 0.000 0.024 0.052 0.036 0.034 0.093 0.126 0.053 0.031 0.067</span>
<span class="r-out co"><span class="r-pr">#&gt;</span> E12 0.014 0.021 0.024 0.000 0.054 0.065 0.083 0.082 0.168 0.063 0.054 0.071</span>
<span class="r-out co"><span class="r-pr">#&gt;</span> E13 0.040 0.044 0.052 0.054 0.000 0.124 0.122 0.145 0.217 0.040 0.075 0.150</span>
<span class="r-out co"><span class="r-pr">#&gt;</span> E14 0.064 0.056 0.036 0.065 0.124 0.000 0.043 0.107 0.097 0.090 0.032 0.038</span>
<span class="r-out co"><span class="r-pr">#&gt;</span> E2  0.071 0.075 0.034 0.083 0.122 0.043 0.000 0.096 0.050 0.099 0.041 0.105</span>
<span class="r-out co"><span class="r-pr">#&gt;</span> E3  0.072 0.119 0.093 0.082 0.145 0.107 0.096 0.000 0.087 0.100 0.047 0.107</span>
<span class="r-out co"><span class="r-pr">#&gt;</span> E4  0.146 0.183 0.126 0.168 0.217 0.097 0.050 0.087 0.000 0.140 0.079 0.141</span>
<span class="r-out co"><span class="r-pr">#&gt;</span> E5  0.045 0.048 0.053 0.063 0.040 0.090 0.099 0.100 0.140 0.000 0.038 0.098</span>
<span class="r-out co"><span class="r-pr">#&gt;</span> E6  0.037 0.047 0.031 0.054 0.075 0.032 0.041 0.047 0.079 0.038 0.000 0.062</span>
<span class="r-out co"><span class="r-pr">#&gt;</span> E7  0.061 0.064 0.067 0.071 0.150 0.038 0.105 0.107 0.141 0.098 0.062 0.000</span>
<span class="r-out co"><span class="r-pr">#&gt;</span> E8  0.097 0.083 0.056 0.086 0.139 0.012 0.048 0.118 0.077 0.099 0.045 0.068</span>
<span class="r-out co"><span class="r-pr">#&gt;</span> E9  0.134 0.120 0.113 0.133 0.275 0.103 0.133 0.229 0.257 0.257 0.160 0.097</span>
<span class="r-out co"><span class="r-pr">#&gt;</span>        E8    E9</span>
<span class="r-out co"><span class="r-pr">#&gt;</span> E1  0.097 0.134</span>
<span class="r-out co"><span class="r-pr">#&gt;</span> E10 0.083 0.120</span>
<span class="r-out co"><span class="r-pr">#&gt;</span> E11 0.056 0.113</span>
<span class="r-out co"><span class="r-pr">#&gt;</span> E12 0.086 0.133</span>
<span class="r-out co"><span class="r-pr">#&gt;</span> E13 0.139 0.275</span>
<span class="r-out co"><span class="r-pr">#&gt;</span> E14 0.012 0.103</span>
<span class="r-out co"><span class="r-pr">#&gt;</span> E2  0.048 0.133</span>
<span class="r-out co"><span class="r-pr">#&gt;</span> E3  0.118 0.229</span>
<span class="r-out co"><span class="r-pr">#&gt;</span> E4  0.077 0.257</span>
<span class="r-out co"><span class="r-pr">#&gt;</span> E5  0.099 0.257</span>
<span class="r-out co"><span class="r-pr">#&gt;</span> E6  0.045 0.160</span>
<span class="r-out co"><span class="r-pr">#&gt;</span> E7  0.068 0.097</span>
<span class="r-out co"><span class="r-pr">#&gt;</span> E8  0.000 0.163</span>
<span class="r-out co"><span class="r-pr">#&gt;</span> E9  0.163 0.000</span>
<span class="r-out co"><span class="r-pr">#&gt;</span> ----------------------------------------------------------------------</span>
<span class="r-out co"><span class="r-pr">#&gt;</span> Total mean square =  8.091 </span>
<span class="r-out co"><span class="r-pr">#&gt;</span> Minimum =  0.01 between environments 3 and 2 </span>
<span class="r-out co"><span class="r-pr">#&gt;</span> Maximum =  0.275 between environments 14 and 5 </span>
<span class="r-out co"><span class="r-pr">#&gt;</span> ----------------------------------------------------------------------</span>
<span class="r-out co"><span class="r-pr">#&gt;</span> % Of the single part of MS GxEjj' (Robertson, 1959)</span>
<span class="r-out co"><span class="r-pr">#&gt;</span> ----------------------------------------------------------------------</span>
<span class="r-out co"><span class="r-pr">#&gt;</span>         E1    E10    E11    E12    E13    E14     E2     E3     E4     E5</span>
<span class="r-out co"><span class="r-pr">#&gt;</span> E1   0.000  0.986 27.318  0.261 28.828 12.522  3.762  0.001  2.496  7.731</span>
<span class="r-out co"><span class="r-pr">#&gt;</span> E10  0.986  0.000 40.737  0.385 34.423  9.953  1.763  0.171  3.118 11.398</span>
<span class="r-out co"><span class="r-pr">#&gt;</span> E11 27.318 40.737  0.000 22.188 66.463  0.344  2.154  6.468 15.337 35.530</span>
<span class="r-out co"><span class="r-pr">#&gt;</span> E12  0.261  0.385 22.188  0.000 23.835 10.808  2.477  0.034  2.638  6.684</span>
<span class="r-out co"><span class="r-pr">#&gt;</span> E13 28.828 34.423 66.463 23.835  0.000 31.325 20.821  8.123  1.030  5.877</span>
<span class="r-out co"><span class="r-pr">#&gt;</span> E14 12.522  9.953  0.344 10.808 31.325  0.000  3.400  7.351 23.171 24.437</span>
<span class="r-out co"><span class="r-pr">#&gt;</span> E2   3.762  1.763  2.154  2.477 20.821  3.400  0.000  2.671 25.107 12.340</span>
<span class="r-out co"><span class="r-pr">#&gt;</span> E3   0.001  0.171  6.468  0.034  8.123  7.351  2.671  0.000  4.323  3.574</span>
<span class="r-out co"><span class="r-pr">#&gt;</span> E4   2.496  3.118 15.337  2.638  1.030 23.171 25.107  4.323  0.000  0.002</span>
<span class="r-out co"><span class="r-pr">#&gt;</span> E5   7.731 11.398 35.530  6.684  5.877 24.437 12.340  3.574  0.002  0.000</span>
<span class="r-out co"><span class="r-pr">#&gt;</span> E6  20.351 11.047  0.250 12.211 50.386  0.017  3.137 16.015 27.630 55.978</span>
<span class="r-out co"><span class="r-pr">#&gt;</span> E7   0.000  0.349  9.145  0.050  7.742 20.888  2.510  0.000  2.611  3.560</span>
<span class="r-out co"><span class="r-pr">#&gt;</span> E8   2.382  1.304  1.656  2.035 17.463 14.768  0.026  1.890 15.194 11.532</span>
<span class="r-out co"><span class="r-pr">#&gt;</span> E9   7.339 10.869 28.075  8.369  0.025 34.705 17.152  4.388  0.588  0.634</span>
<span class="r-out co"><span class="r-pr">#&gt;</span>         E6     E7     E8     E9</span>
<span class="r-out co"><span class="r-pr">#&gt;</span> E1  20.351  0.000  2.382  7.339</span>
<span class="r-out co"><span class="r-pr">#&gt;</span> E10 11.047  0.349  1.304 10.869</span>
<span class="r-out co"><span class="r-pr">#&gt;</span> E11  0.250  9.145  1.656 28.075</span>
<span class="r-out co"><span class="r-pr">#&gt;</span> E12 12.211  0.050  2.035  8.369</span>
<span class="r-out co"><span class="r-pr">#&gt;</span> E13 50.386  7.742 17.463  0.025</span>
<span class="r-out co"><span class="r-pr">#&gt;</span> E14  0.017 20.888 14.768 34.705</span>
<span class="r-out co"><span class="r-pr">#&gt;</span> E2   3.137  2.510  0.026 17.152</span>
<span class="r-out co"><span class="r-pr">#&gt;</span> E3  16.015  0.000  1.890  4.388</span>
<span class="r-out co"><span class="r-pr">#&gt;</span> E4  27.630  2.611 15.194  0.588</span>
<span class="r-out co"><span class="r-pr">#&gt;</span> E5  55.978  3.560 11.532  0.634</span>
<span class="r-out co"><span class="r-pr">#&gt;</span> E6   0.000 12.350  3.465 21.839</span>
<span class="r-out co"><span class="r-pr">#&gt;</span> E7  12.350  0.000  3.358 10.237</span>
<span class="r-out co"><span class="r-pr">#&gt;</span> E8   3.465  3.358  0.000 13.356</span>
<span class="r-out co"><span class="r-pr">#&gt;</span> E9  21.839 10.237 13.356  0.000</span>
<span class="r-out co"><span class="r-pr">#&gt;</span> ----------------------------------------------------------------------</span>
<span class="r-out co"><span class="r-pr">#&gt;</span> Average =  11.464 </span>
<span class="r-out co"><span class="r-pr">#&gt;</span> Minimum =  0 between environments 12 and 12 </span>
<span class="r-out co"><span class="r-pr">#&gt;</span> Maximum =  66.463 between environments 5 and 3 </span>
<span class="r-out co"><span class="r-pr">#&gt;</span> ----------------------------------------------------------------------</span>
<span class="r-out co"><span class="r-pr">#&gt;</span> % Of the complex part of MS GxEjj' (Robertson, 1959)</span>
<span class="r-out co"><span class="r-pr">#&gt;</span> ----------------------------------------------------------------------</span>
<span class="r-out co"><span class="r-pr">#&gt;</span>          E1    E10    E11    E12    E13    E14     E2      E3     E4     E5</span>
<span class="r-out co"><span class="r-pr">#&gt;</span> E1    0.000 99.014 72.682 99.739 71.172 87.478 96.238  99.999 97.504 92.269</span>
<span class="r-out co"><span class="r-pr">#&gt;</span> E10  99.014  0.000 59.263 99.615 65.577 90.047 98.237  99.829 96.882 88.602</span>
<span class="r-out co"><span class="r-pr">#&gt;</span> E11  72.682 59.263  0.000 77.812 33.537 99.656 97.846  93.532 84.663 64.470</span>
<span class="r-out co"><span class="r-pr">#&gt;</span> E12  99.739 99.615 77.812  0.000 76.165 89.192 97.523  99.966 97.362 93.316</span>
<span class="r-out co"><span class="r-pr">#&gt;</span> E13  71.172 65.577 33.537 76.165  0.000 68.675 79.179  91.877 98.970 94.123</span>
<span class="r-out co"><span class="r-pr">#&gt;</span> E14  87.478 90.047 99.656 89.192 68.675  0.000 96.600  92.649 76.829 75.563</span>
<span class="r-out co"><span class="r-pr">#&gt;</span> E2   96.238 98.237 97.846 97.523 79.179 96.600  0.000  97.329 74.893 87.660</span>
<span class="r-out co"><span class="r-pr">#&gt;</span> E3   99.999 99.829 93.532 99.966 91.877 92.649 97.329   0.000 95.677 96.426</span>
<span class="r-out co"><span class="r-pr">#&gt;</span> E4   97.504 96.882 84.663 97.362 98.970 76.829 74.893  95.677  0.000 99.998</span>
<span class="r-out co"><span class="r-pr">#&gt;</span> E5   92.269 88.602 64.470 93.316 94.123 75.563 87.660  96.426 99.998  0.000</span>
<span class="r-out co"><span class="r-pr">#&gt;</span> E6   79.649 88.953 99.750 87.789 49.614 99.983 96.863  83.985 72.370 44.022</span>
<span class="r-out co"><span class="r-pr">#&gt;</span> E7  100.000 99.651 90.855 99.950 92.258 79.112 97.490 100.000 97.389 96.440</span>
<span class="r-out co"><span class="r-pr">#&gt;</span> E8   97.618 98.696 98.344 97.965 82.537 85.232 99.974  98.110 84.806 88.468</span>
<span class="r-out co"><span class="r-pr">#&gt;</span> E9   92.661 89.131 71.925 91.631 99.975 65.295 82.848  95.612 99.412 99.366</span>
<span class="r-out co"><span class="r-pr">#&gt;</span>         E6      E7     E8     E9</span>
<span class="r-out co"><span class="r-pr">#&gt;</span> E1  79.649 100.000 97.618 92.661</span>
<span class="r-out co"><span class="r-pr">#&gt;</span> E10 88.953  99.651 98.696 89.131</span>
<span class="r-out co"><span class="r-pr">#&gt;</span> E11 99.750  90.855 98.344 71.925</span>
<span class="r-out co"><span class="r-pr">#&gt;</span> E12 87.789  99.950 97.965 91.631</span>
<span class="r-out co"><span class="r-pr">#&gt;</span> E13 49.614  92.258 82.537 99.975</span>
<span class="r-out co"><span class="r-pr">#&gt;</span> E14 99.983  79.112 85.232 65.295</span>
<span class="r-out co"><span class="r-pr">#&gt;</span> E2  96.863  97.490 99.974 82.848</span>
<span class="r-out co"><span class="r-pr">#&gt;</span> E3  83.985 100.000 98.110 95.612</span>
<span class="r-out co"><span class="r-pr">#&gt;</span> E4  72.370  97.389 84.806 99.412</span>
<span class="r-out co"><span class="r-pr">#&gt;</span> E5  44.022  96.440 88.468 99.366</span>
<span class="r-out co"><span class="r-pr">#&gt;</span> E6   0.000  87.650 96.535 78.161</span>
<span class="r-out co"><span class="r-pr">#&gt;</span> E7  87.650   0.000 96.642 89.763</span>
<span class="r-out co"><span class="r-pr">#&gt;</span> E8  96.535  96.642  0.000 86.644</span>
<span class="r-out co"><span class="r-pr">#&gt;</span> E9  78.161  89.763 86.644  0.000</span>
<span class="r-out co"><span class="r-pr">#&gt;</span> ----------------------------------------------------------------------</span>
<span class="r-out co"><span class="r-pr">#&gt;</span> Average =  88.536 </span>
<span class="r-out co"><span class="r-pr">#&gt;</span> Minimum =  33.537 between environments 5 and 3 </span>
<span class="r-out co"><span class="r-pr">#&gt;</span> Maximum =  100 between environments 12 and 12 </span>
<span class="r-out co"><span class="r-pr">#&gt;</span> ----------------------------------------------------------------------</span>
<span class="r-out co"><span class="r-pr">#&gt;</span> % Of the single part of MS GxEjj' (Cruz and Castoldi, 1991)</span>
<span class="r-out co"><span class="r-pr">#&gt;</span> ----------------------------------------------------------------------</span>
<span class="r-out co"><span class="r-pr">#&gt;</span>         E1     E10    E11    E12    E13     E14     E2      E3      E4      E5</span>
<span class="r-out co"><span class="r-pr">#&gt;</span> E1   0.000  53.838 66.053 63.833 70.220  21.623 15.404  19.783   1.938  49.824</span>
<span class="r-out co"><span class="r-pr">#&gt;</span> E10 53.838   0.000 82.915 55.158 71.598  21.096  6.873  -6.386 -12.243  49.530</span>
<span class="r-out co"><span class="r-pr">#&gt;</span> E11 66.053  82.915  0.000 61.028 86.585  12.789 26.675  -0.957  10.015  61.032</span>
<span class="r-out co"><span class="r-pr">#&gt;</span> E12 63.833  55.158 61.028  0.000 61.171  18.020  5.082  13.394  -6.217  38.609</span>
<span class="r-out co"><span class="r-pr">#&gt;</span> E13 70.220  71.598 86.585 61.171  0.000  37.079 31.266  16.941  -1.174  59.404</span>
<span class="r-out co"><span class="r-pr">#&gt;</span> E14 21.623  21.096 12.789 18.020 37.079   0.000 16.166 -10.671  29.120  33.173</span>
<span class="r-out co"><span class="r-pr">#&gt;</span> E2  15.404   6.873 26.675  5.082 31.266  16.166  0.000  -0.651  56.404  22.091</span>
<span class="r-out co"><span class="r-pr">#&gt;</span> E3  19.783  -6.386 -0.957 13.394 16.941 -10.671 -0.651   0.000  26.463  19.926</span>
<span class="r-out co"><span class="r-pr">#&gt;</span> E4   1.938 -12.243 10.015 -6.217 -1.174  29.120 56.404  26.463   0.000  10.922</span>
<span class="r-out co"><span class="r-pr">#&gt;</span> E5  49.824  49.530 61.032 38.609 59.404  33.173 22.091  19.926  10.922   0.000</span>
<span class="r-out co"><span class="r-pr">#&gt;</span> E6  48.374  29.311 19.513 27.350 70.128  14.796 18.342  37.471  42.032  80.822</span>
<span class="r-out co"><span class="r-pr">#&gt;</span> E7  26.095  22.442 18.142 19.396 15.031  47.887 -5.293   2.351   3.998  20.747</span>
<span class="r-out co"><span class="r-pr">#&gt;</span> E8  -0.157   2.521  5.536  3.726 22.646  63.892 17.366 -11.548  35.236  21.672</span>
<span class="r-out co"><span class="r-pr">#&gt;</span> E9  18.128  24.437 37.322 18.890 -8.784  46.272 22.252 -12.098 -12.287 -12.467</span>
<span class="r-out co"><span class="r-pr">#&gt;</span>         E6     E7      E8      E9</span>
<span class="r-out co"><span class="r-pr">#&gt;</span> E1  48.374 26.095  -0.157  18.128</span>
<span class="r-out co"><span class="r-pr">#&gt;</span> E10 29.311 22.442   2.521  24.437</span>
<span class="r-out co"><span class="r-pr">#&gt;</span> E11 19.513 18.142   5.536  37.322</span>
<span class="r-out co"><span class="r-pr">#&gt;</span> E12 27.350 19.396   3.726  18.890</span>
<span class="r-out co"><span class="r-pr">#&gt;</span> E13 70.128 15.031  22.646  -8.784</span>
<span class="r-out co"><span class="r-pr">#&gt;</span> E14 14.796 47.887  63.892  46.272</span>
<span class="r-out co"><span class="r-pr">#&gt;</span> E2  18.342 -5.293  17.366  22.252</span>
<span class="r-out co"><span class="r-pr">#&gt;</span> E3  37.471  2.351 -11.548 -12.098</span>
<span class="r-out co"><span class="r-pr">#&gt;</span> E4  42.032  3.998  35.236 -12.287</span>
<span class="r-out co"><span class="r-pr">#&gt;</span> E5  80.822 20.747  21.672 -12.467</span>
<span class="r-out co"><span class="r-pr">#&gt;</span> E6   0.000 23.614  15.820  13.068</span>
<span class="r-out co"><span class="r-pr">#&gt;</span> E7  23.614  0.000  17.172  33.771</span>
<span class="r-out co"><span class="r-pr">#&gt;</span> E8  15.820 17.172   0.000   8.861</span>
<span class="r-out co"><span class="r-pr">#&gt;</span> E9  13.068 33.771   8.861   0.000</span>
<span class="r-out co"><span class="r-pr">#&gt;</span> ----------------------------------------------------------------------</span>
<span class="r-out co"><span class="r-pr">#&gt;</span> Average =  25.478 </span>
<span class="r-out co"><span class="r-pr">#&gt;</span> Minimum =  -12.467 between environments 14 and 10 </span>
<span class="r-out co"><span class="r-pr">#&gt;</span> Maximum =  86.585 between environments 5 and 3 </span>
<span class="r-out co"><span class="r-pr">#&gt;</span> ----------------------------------------------------------------------</span>
<span class="r-out co"><span class="r-pr">#&gt;</span> % Of the complex part of MS GxEjj' (Cruz and Castoldi, 1991)</span>
<span class="r-out co"><span class="r-pr">#&gt;</span> ----------------------------------------------------------------------</span>
<span class="r-out co"><span class="r-pr">#&gt;</span>          E1     E10     E11     E12     E13     E14      E2      E3      E4</span>
<span class="r-out co"><span class="r-pr">#&gt;</span> E1    0.000  46.162  33.947  36.167  29.780  78.377  84.596  80.217  98.062</span>
<span class="r-out co"><span class="r-pr">#&gt;</span> E10  46.162   0.000  17.085  44.842  28.402  78.904  93.127 106.386 112.243</span>
<span class="r-out co"><span class="r-pr">#&gt;</span> E11  33.947  17.085   0.000  38.972  13.415  87.211  73.325 100.957  89.985</span>
<span class="r-out co"><span class="r-pr">#&gt;</span> E12  36.167  44.842  38.972   0.000  38.829  81.980  94.918  86.606 106.217</span>
<span class="r-out co"><span class="r-pr">#&gt;</span> E13  29.780  28.402  13.415  38.829   0.000  62.921  68.734  83.059 101.174</span>
<span class="r-out co"><span class="r-pr">#&gt;</span> E14  78.377  78.904  87.211  81.980  62.921   0.000  83.834 110.671  70.880</span>
<span class="r-out co"><span class="r-pr">#&gt;</span> E2   84.596  93.127  73.325  94.918  68.734  83.834   0.000 100.651  43.596</span>
<span class="r-out co"><span class="r-pr">#&gt;</span> E3   80.217 106.386 100.957  86.606  83.059 110.671 100.651   0.000  73.537</span>
<span class="r-out co"><span class="r-pr">#&gt;</span> E4   98.062 112.243  89.985 106.217 101.174  70.880  43.596  73.537   0.000</span>
<span class="r-out co"><span class="r-pr">#&gt;</span> E5   50.176  50.470  38.968  61.391  40.596  66.827  77.909  80.074  89.078</span>
<span class="r-out co"><span class="r-pr">#&gt;</span> E6   51.626  70.689  80.487  72.650  29.872  85.204  81.658  62.529  57.968</span>
<span class="r-out co"><span class="r-pr">#&gt;</span> E7   73.905  77.558  81.858  80.604  84.969  52.113 105.293  97.649  96.002</span>
<span class="r-out co"><span class="r-pr">#&gt;</span> E8  100.157  97.479  94.464  96.274  77.354  36.108  82.634 111.548  64.764</span>
<span class="r-out co"><span class="r-pr">#&gt;</span> E9   81.872  75.563  62.678  81.110 108.784  53.728  77.748 112.098 112.287</span>
<span class="r-out co"><span class="r-pr">#&gt;</span>          E5     E6      E7      E8      E9</span>
<span class="r-out co"><span class="r-pr">#&gt;</span> E1   50.176 51.626  73.905 100.157  81.872</span>
<span class="r-out co"><span class="r-pr">#&gt;</span> E10  50.470 70.689  77.558  97.479  75.563</span>
<span class="r-out co"><span class="r-pr">#&gt;</span> E11  38.968 80.487  81.858  94.464  62.678</span>
<span class="r-out co"><span class="r-pr">#&gt;</span> E12  61.391 72.650  80.604  96.274  81.110</span>
<span class="r-out co"><span class="r-pr">#&gt;</span> E13  40.596 29.872  84.969  77.354 108.784</span>
<span class="r-out co"><span class="r-pr">#&gt;</span> E14  66.827 85.204  52.113  36.108  53.728</span>
<span class="r-out co"><span class="r-pr">#&gt;</span> E2   77.909 81.658 105.293  82.634  77.748</span>
<span class="r-out co"><span class="r-pr">#&gt;</span> E3   80.074 62.529  97.649 111.548 112.098</span>
<span class="r-out co"><span class="r-pr">#&gt;</span> E4   89.078 57.968  96.002  64.764 112.287</span>
<span class="r-out co"><span class="r-pr">#&gt;</span> E5    0.000 19.178  79.253  78.328 112.467</span>
<span class="r-out co"><span class="r-pr">#&gt;</span> E6   19.178  0.000  76.386  84.180  86.932</span>
<span class="r-out co"><span class="r-pr">#&gt;</span> E7   79.253 76.386   0.000  82.828  66.229</span>
<span class="r-out co"><span class="r-pr">#&gt;</span> E8   78.328 84.180  82.828   0.000  91.139</span>
<span class="r-out co"><span class="r-pr">#&gt;</span> E9  112.467 86.932  66.229  91.139   0.000</span>
<span class="r-out co"><span class="r-pr">#&gt;</span> ----------------------------------------------------------------------</span>
<span class="r-out co"><span class="r-pr">#&gt;</span> Average =  74.522 </span>
<span class="r-out co"><span class="r-pr">#&gt;</span> Minimum =  13.415 between environments 5 and 3 </span>
<span class="r-out co"><span class="r-pr">#&gt;</span> Maximum =  112.467 between environments 14 and 10 </span>
<span class="r-out co"><span class="r-pr">#&gt;</span> ----------------------------------------------------------------------</span>
<span class="r-out co"><span class="r-pr">#&gt;</span> </span>
<span class="r-out co"><span class="r-pr">#&gt;</span> </span>
<span class="r-out co"><span class="r-pr">#&gt;</span> </span>
<span class="r-in"><span class="co"># }</span></span>
</code></pre></div>
    </div>
  </main><aside class="col-md-3"><nav id="toc"><h2>On this page</h2>
    </nav></aside></div>


    <footer><div class="pkgdown-footer-left">
  <p></p><p>Developed by <a href="https://olivoto.netlify.app/" class="external-link">Tiago Olivoto</a>.</p>
</div>

<div class="pkgdown-footer-right">
  <p></p><p>Site built with <a href="https://pkgdown.r-lib.org/" class="external-link">pkgdown</a> 2.0.3.</p>
</div>

    </footer></div>

  

  

  </body></html>

